3393226
3393230
3393234
3393238
3393242
3393246
3393250
3393254
3393258
3393262
3393266
3393270
3393274
3393278
3393282
3393286
3393290
3393294
3393298
3393302
3393306
3393310
3393314
3393318
3393322
3393326
3393330
3393334
3393338
3393342
3393346
3393350
3393354
3393358
3393362
3393366
3393370
3393374
3393378
3393382
3393386
3393390
3393394
3393398
3393402
3393406
3393410
3393414
3393418
3393422
3393426
3393430
3393434
3393438
3393442
3393446
3393450
3393454
3393458
3393462
3393466
3393470
3393474
3393478
3393482
3393486
3393490
3393494
3393498
3393502
3393506
3393510
3393514
3393518
3393522
3393526
3393530
3393534
3393538
3393542
3393546
3393550
3393554
3393558
3393562
3393566
3393570
3393574
3393578
3393582
3393586
3393590
3393594
3393598
3393602
3393606
3393610
3393614
3393618
3393622
3393626
3393630
3393634
3393638
3393642
3393646
3393650
3393654
3393658
3393662
3393666
3393670
3393674
3393678
3393682
3393686
3393690
3393694
3393698
3393702
3393706
3393710
3393714
3393718
3393722
3393726
3393730
3393734
3393738
3393742
3393746
3393750
3393754
3393758
3393762
3393766
3393770
3393774
3393778
3393782
3393786
3393790
3393794
3393798
3393802
3393806
3393810
3393814
3393818
3393822
3393826
3393830
3393834
3393838
3393842
3393846
3393850
3393854
3393858
3393862
3393866
3393870
3393874
3393878
3393882
3393886
3393890
3393894
3393898
3393902
3393906
3393910
3393914
3393918
3393922
3393926
3393930
3393934
3393938
3393942
3393946
3393950
3393954
3393958
3393962
3393966
3393970
3393974
3393978
3393982
3393986
3393990
3393994
3393998
3394002
3394006
3394010
3394014
3394018
3394022
3394026
3394030
3394034
3394038
3394042
3394046
3394050
3394054
3394058
3394062
3394066
3394070
3394074
3394078
3394082
3394086
3394090
3394094
3394098
3394102
3394106
3394110
3394114
3394118
3394122
3394126
3394130
3394134
3394138
3394142
3394146
3394150
3394154
3394158
3394162
3394166
3394170
3394174
3394178
3394182
3394186
3394190
3394194
3394198
3394202
3394206
3394210
3394214
3394218
3394222
3394226
3394230
3394234
3394238
3394242
3394246
3394250
3394254
3394258
3394262
3394266
3394270
3394274
3394278
3394282
3394286
3394290
3394294
3394298
3394302
3394306
3394310
3394314
3394318
3394322
3394326
3394330
3394334
3394338
3394342
3394346
3394350
3394354
3394358
3394362
3394366
3394370
3394374
3394378
3394382
3394386
3394390
3394394
3394398
3394402
3394406
3394410
3394414
3394418
3394422
3394426
3394430
3394434
3394438
3394442
3394446
3394450
3394454
3394458
3394462
3394466
3394470
3394474
3394478
3394482
3394486
3394490
3394494
3394498
3394502
3394506
3394510
3394514
3394518
3394522
3394526
3394530
3394534
3394538
3394542
3394546
3394550
3394554
3394558
3394562
3394566
3394570
3394574
3394578
3394582
3394586
3394590
3394594
3394598
3394602
3394606
3394610
3394614
3394618
3394622
3394626
3394630
3394634
3394638
3394642
3394646
3394650
3394654
3394658
3394662
3394666
3394670
3394674
3394678
3394682
3394686
3394690
3394694
3394698
3394702
3394706
3394710
3394714
3394718
3394722
3394726
3394730
3394734
3394738
3394742
3394746
3394750
3394754
3394758
3394762
3394766
3394770
3394774
3394778
3394782
3394786
3394790
3394794
3394798
3394802
3394806
3394810
3394814
3394818
3394822
3394826
3394830
3394834
3394838
3394842
3394846
3394850
3394854
3394858
3394862
3394866
3394870
3394874
3394878
3394882
3394886
3394890
3394894
3394898
3394902
3394906
3394910
3394914
3394918
3394922
3394926
3394930
3394934
3394938
3394942
3394946
3394950
3394954
3394958
3394962
3394966
3394970
3394974
3394978
3394982
3394986
3394990
3394994
3394998
3395002
3395006
3395010
3395014
3395018
3395022
3395026
3395030
3395034
3395038
3395042
3395046
3395050
3395054
3395058
3395062
3395066
3395070
3395074
3395078
3395082
3395086
3395090
3395094
3395098
3395102
3395106
3395110
3395114
3395118
3395122
3395126
3395130
3395134
3395138
3395142
3395146
3395150
3395154
3395158
3395162
3395166
3395170
3395174
3395178
3395182
3395186
3395190
3395194
3395198
3395202
3395206
3395210
3395214
3395218
3395222
3395226
3395230
3395234
3395238
3395242
3395246
3395250
3395254
3395258
3395262
3395266
3395270
3395274
3395278
3395282
3395286
3395290
3395294
3395298
3395302
3395306
3395310
3395314
3395318
3395322
3395326
3395330
3395334
3395338
3395342
3395346
3395350
3395354
3395358
3395362
3395366
3395370
3395374
3395378
3395382
3395386
3395390
3395394
3395398
3395402
3395406
3395410
3395414
3395418
3395422
3395426
3395430
3395434
3395438
3395442
3395446
3395450
3395454
3395458
3395462
3395466
3395470
3395474
3395478
3395482
3395486
3395490
3395494
3395498
3395502
3395506
3395510
3395514
3395518
3395522
3395526
3395530
3395534
3395538
3395542
3395546
3395550
3395554
3395558
3395562
3395566
3395570
3395574
3395578
3395582
3395586
3395590
3395594
3395598
3395602
3395606
3395610
3395614
3395618
3395622
3395626
3395630
3395634
3395638
3395642
3395646
3395650
3395654
3395658
3395662
3395666
3395670
3395674
3395678
3395682
3395686
3395690
3395694
3395698
3395702
3395706
3395710
3395714
3395718
3395722
3395726
3395730
3395734
3395738
3395742
3395746
3395750
3395754
3395758
3395762
3395766
3395770
3395774
3395778
3395782
3395786
3395790
3395794
3395798
3395802
3395806
3395810
3395814
3395818
3395822
3395826
3395830
3395834
3395838
3395842
3395846
3395850
3395854
3395858
3395862
3395866
3395870
3395874
3395878
3395882
3395886
3395890
3395894
3395898
3395902
3395906
3395910
3395914
3395918
3395922
3395926
3395930
3395934
3395938
3395942
3395946
3395950
3395954
3395958
3395962
3395966
3395970
3395974
3395978
3395982
3395986
3395990
3395994
3395998
3396002
3396006
3396010
3396014
3396018
3396022
3396026
3396030
3396034
3396038
3396042
3396046
3396050
3396054
3396058
3396062
3396066
3396070
3396074
3396078
3396082
3396086
3396090
3396094
3396098
3396102
3396106
3396110
3396114
3396118
3396122
3396126
3396130
3396134
3396138
3396142
3396146
3396150
3396154
3396158
3396162
3396166
3396170
3396174
3396178
3396182
3396186
3396190
3396194
3396198
3396202
3396206
3396210
3396214
3396218
3396222
3396226
3396230
3396234
3396238
3396242
3396246
3396250
3396254
3396258
3396262
3396266
3396270
3396274
3396278
3396282
3396286
3396290
3396294
3396298
3396302
3396306
3396310
3396314
3396318
3396322
3396326
3396330
3396334
3396338
3396342
3396346
3396350
3396354
3396358
3396362
3396366
3396370
3396374
3396378
3396382
3396386
3396390
3396394
3396398
3396402
3396406
3396410
3396414
3396418
3396422
3396426
3396430
3396434
3396438
3396442
3396446
3396450
3396454
3396458
3396462
3396466
3396470
3396474
3396478
3396482
3396486
3396490
3396494
3396498
3396502
3396506
3396510
3396514
3396518
3396522
3396526
3396530
3396534
3396538
3396542
3396546
3396550
3396554
3396558
3396562
3396566
3396570
3396574
3396578
3396582
3396586
3396590
3396594
3396598
3396602
3396606
3396610
3396614
3396618
3396622
3396626
3396630
3396634
3396638
3396642
3396646
3396650
3396654
3396658
3396662
3396666
3396670
3396674
3396678
3396682
3396686
3396690
3396694
3396698
3396702
3396706
3396710
3396714
3396718
3396722
3396726
3396730
3396734
3396738
3396742
3396746
3396750
3396754
3396758
3396762
3396766
3396770
3396774
3396778
3396782
3396786
3396790
3396794
3396798
3396802
3396806
3396810
3396814
3396818
3396822
3396826
3396830
3396834
3396838
3396842
3396846
3396850
3396854
3396858
3396862
3396866
3396870
3396874
3396878
3396882
3396886
3396890
3396894
3396898
3396902
3396906
3396910
3396914
3396918
3396922
3396926
3396930
3396934
3396938
3396942
3396946
3396950
3396954
3396958
3396962
3396966
3396970
3396974
3396978
3396982
3396986
3396990
3396994
3396998
3397002
3397006
3397010
3397014
3397018
3397022
3397026
3397030
3397034
3397038
3397042
3397046
3397050
3397054
3397058
3397062
3397066
3397070
3397074
3397078
3397082
3397086
3397090
3397094
3397098
3397102
3397106
3397110
3397114
3397118
3397122
3397126
3397130
3397134
3397138
3397142
3397146
3397150
3397154
3397158
3397162
3397166
3397170
3397174
3397178
3397182
3397186
3397190
3397194
3397198
3397202
3397206
3397210
3397214
3397218
3397222
3397226
3397230
3397234
3397238
3397242
3397246
3397250
3397254
3397258
3397262
3397266
3397270
3397274
3397278
3397282
3397286
3397290
3397294
3397298
3397302
3397306
3397310
3397314
3397318
3397322
3397326
3397330
3397334
3397338
3397342
3397346
3397350
3397354
3397358
3397362
3397366
3397370
3397374
3397378
3397382
3397386
3397390
3397394
3397398
3397402
3397406
3397410
3397414
3397418
3397422
3397426
3397430
3397434
3397438
3397442
3397446
3397450
3397454
3397458
3397462
3397466
3397470
3397474
3397478
3397482
3397486
3397490
3397494
3397498
3397502
3397506
3397510
3397514
3397518
3397522
3397526
3397530
3397534
3397538
3397542
3397546
3397550
3397554
3397558
3397562
3397566
3397570
3397574
3397578
3397582
3397586
3397590
3397594
3397598
3397602
3397606
3397610
3397614
3397618
3397622
3397626
3397630
3397634
3397638
3397642
3397646
3397650
3397654
3397658
3397662
3397666
3397670
3397674
3397678
3397682
3397686
3397690
3397694
3397698
3397702
3397706
3397710
3397714
3397718
3397722
3397726
3397730
3397734
3397738
3397742
3397746
3397750
3397754
3397758
3397762
3397766
3397770
3397774
3397778
3397782
3397786
3397790
3397794
3397798
3397802
3397806
3397810
3397814
3397818
3397822
3397826
3397830
3397834
3397838
3397842
3397846
3397850
3397854
3397858
3397862
3397866
3397870
3397874
3397878
3397882
3397886
3397890
3397894
3397898
3397902
3397906
3397910
3397914
3397918
3397922
3397926
3397930
3397934
3397938
3397942
3397946
3397950
3397954
3397958
3397962
3397966
3397970
3397974
3397978
3397982
3397986
3397990
3397994
3397998
3398002
3398006
3398010
3398014
3398018
3398022
3398026
3398030
3398034
3398038
3398042
3398046
3398050
3398054
3398058
3398062
3398066
3398070
3398074
3398078
3398082
3398086
3398090
3398094
3398098
3398102
3398106
3398110
3398114
3398118
3398122
3398126
3398130
3398134
3398138
3398142
3398146
3398150
3398154
3398158
3398162
3398166
3398170
3398174
3398178
3398182
3398186
3398190
3398194
3398198
3398202
3398206
3398210
3398214
3398218
3398222
3398226
3398230
3398234
3398238
3398242
3398246
3398250
3398254
3398258
3398262
3398266
3398270
3398274
3398278
3398282
3398286
3398290
3398294
3398298
3398302
3398306
3398310
3398314
3398318
3398322
3398326
3398330
3398334
3398338
3398342
3398346
3398350
3398354
3398358
3398362
3398366
3398370
3398374
3398378
3398382
3398386
3398390
3398394
3398398
3398402
3398406
3398410
3398414
3398418
3398422
3398426
3398430
3398434
3398438
3398442
3398446
3398450
3398454
3398458
3398462
3398466
3398470
3398474
3398478
3398482
3398486
3398490
3398494
3398498
3398502
3398506
3398510
3398514
3398518
3398522
3398526
3398530
3398534
3398538
3398542
3398546
3398550
3398554
3398558
3398562
3398566
3398570
3398574
3398578
3398582
3398586
3398590
3398594
3398598
3398602
3398606
3398610
3398614
3398618
3398622
3398626
3398630
3398634
3398638
3398642
3398646
3398650
3398654
3398658
3398662
3398666
3398670
3398674
3398678
3398682
3398686
3398690
3398694
3398698
3398702
3398706
3398710
3398714
3398718
3398722
3398726
3398730
3398734
3398738
3398742
3398746
3398750
3398754
3398758
3398762
3398766
3398770
3398774
3398778
3398782
3398786
3398790
3398794
3398798
3398802
3398806
3398810
3398814
3398818
3398822
3398826
3398830
3398834
3398838
3398842
3398846
3398850
3398854
3398858
3398862
3398866
3398870
3398874
3398878
3398882
3398886
3398890
3398894
3398898
3398902
3398906
3398910
3398914
3398918
3398922
3398926
3398930
3398934
3398938
3398942
3398946
3398950
3398954
3398958
3398962
3398966
3398970
3398974
3398978
3398982
3398986
3398990
3398994
3398998
3399002
3399006
3399010
3399014
3399018
3399022
3399026
3399030
3399034
3399038
3399042
3399046
3399050
3399054
3399058
3399062
3399066
3399070
3399074
3399078
3399082
3399086
3399090
3399094
3399098
3399102
3399106
3399110
3399114
3399118
3399122
3399126
3399130
3399134
3399138
3399142
3399146
3399150
3399154
3399158
3399162
3399166
3399170
3399174
3399178
3399182
3399186
3399190
3399194
3399198
3399202
3399206
3399210
3399214
3399218
3399222
3399226
3399230
3399234
3399238
3399242
3399246
3399250
3399254
3399258
3399262
3399266
3399270
3399274
3399278
3399282
3399286
3399290
3399294
3399298
3399302
3399306
3399310
3399314
3399318
3399322
3399326
3399330
3399334
3399338
3399342
3399346
3399350
3399354
3399358
3399362
3399366
3399370
3399374
3399378
3399382
3399386
3399390
3399394
3399398
3399402
3399406
3399410
3399414
3399418
3399422
3399426
3399430
3399434
3399438
3399442
3399446
3399450
3399454
3399458
3399462
3399466
3399470
3399474
3399478
3399482
3399486
3399490
3399494
3399498
3399502
3399506
3399510
3399514
3399518
3399522
3399526
3399530
3399534
3399538
3399542
3399546
3399550
3399554
3399558
3399562
3399566
3399570
3399574
3399578
3399582
3399586
3399590
3399594
3399598
3399602
3399606
3399610
3399614
3399618
3399622
3399626
3399630
3399634
3399638
3399642
3399646
3399650
3399654
3399658
3399662
3399666
3399670
3399674
3399678
3399682
3399686
3399690
3399694
3399698
3399702
3399706
3399710
3399714
3399718
3399722
3399726
3399730
3399734
3399738
3399742
3399746
3399750
3399754
3399758
3399762
3399766
3399770
3399774
3399778
3399782
3399786
3399790
3399794
3399798
3399802
3399806
3399810
3399814
3399818
3399822
3399826
3399830
3399834
3399838
3399842
3399846
3399850
3399854
3399858
3399862
3399866
3399870
3399874
3399878
3399882
3399886
3399890
3399894
3399898
3399902
3399906
3399910
3399914
3399918
3399922
3399926
3399930
3399934
3399938
3399942
3399946
3399950
3399954
3399958
3399962
3399966
3399970
3399974
3399978
3399982
3399986
3399990
3399994
3399998
3400002
3400006
3400010
3400014
3400018
3400022
3400026
3400030
3400034
3400038
3400042
3400046
3400050
3400054
3400058
3400062
3400066
3400070
3400074
3400078
3400082
3400086
3400090
3400094
3400098
3400102
3400106
3400110
3400114
3400118
3400122
3400126
3400130
3400134
3400138
3400142
3400146
3400150
3400154
3400158
3400162
3400166
3400170
3400174
3400178
3400182
3400186
3400190
3400194
3400198
3400202
3400206
3400210
3400214
3400218
3400222
3400226
3400230
3400234
3400238
3400242
3400246
3400250
3400254
3400258
3400262
3400266
3400270
3400274
3400278
3400282
3400286
3400290
3400294
3400298
3400302
3400306
3400310
3400314
3400318
3400322
3400326
3400330
3400334
3400338
3400342
3400346
3400350
3400354
3400358
3400362
3400366
3400370
3400374
3400378
3400382
3400386
3400390
3400394
3400398
3400402
3400406
3400410
3400414
3400418
3400422
3400426
3400430
3400434
3400438
3400442
3400446
3400450
3400454
3400458
3400462
3400466
3400470
3400474
3400478
3400482
3400486
3400490
3400494
3400498
3400502
3400506
3400510
3400514
3400518
3400522
3400526
3400530
3400534
3400538
3400542
3400546
3400550
3400554
3400558
3400562
3400566
3400570
3400574
3400578
3400582
3400586
3400590
3400594
3400598
3400602
3400606
3400610
3400614
3400618
3400622
3400626
3400630
3400634
3400638
3400642
3400646
3400650
3400654
3400658
3400662
3400666
3400670
3400674
3400678
3400682
3400686
3400690
3400694
3400698
3400702
3400706
3400710
3400714
3400718
3400722
3400726
3400730
3400734
3400738
3400742
3400746
3400750
3400754
3400758
3400762
3400766
3400770
3400774
3400778
3400782
3400786
3400790
3400794
3400798
3400802
3400806
3400810
3400814
3400818
3400822
3400826
3400830
3400834
3400838
3400842
3400846
3400850
3400854
3400858
3400862
3400866
3400870
3400874
3400878
3400882
3400886
3400890
3400894
3400898
3400902
3400906
3400910
3400914
3400918
3400922
3400926
3400930
3400934
3400938
3400942
3400946
3400950
3400954
3400958
3400962
3400966
3400970
3400974
3400978
3400982
3400986
3400990
3400994
3400998
3401002
3401006
3401010
3401014
3401018
3401022
3401026
3401030
3401034
3401038
3401042
3401046
3401050
3401054
3401058
3401062
3401066
3401070
3401074
3401078
3401082
3401086
3401090
3401094
3401098
3401102
3401106
3401110
3401114
3401118
3401122
3401126
3401130
3401134
3401138
3401142
3401146
3401150
3401154
3401158
3401162
3401166
3401170
3401174
3401178
3401182
3401186
3401190
3401194
3401198
3401202
3401206
3401210
3401214
3401218
3401222
3401226
3401230
3401234
3401238
3401242
3401246
3401250
3401254
3401258
3401262
3401266
3401270
3401274
3401278
3401282
3401286
3401290
3401294
3401298
3401302
3401306
3401310
3401314
3401318
3401322
3401326
3401330
3401334
3401338
3401342
3401346
3401350
3401354
3401358
3401362
3401366
3401370
3401374
3401378
3401382
3401386
3401390
3401394
3401398
3401402
3401406
3401410
3401414
3401418
3401422
3401426
3401430
3401434
3401438
3401442
3401446
3401450
3401454
3401458
3401462
3401466
3401470
3401474
3401478
3401482
3401486
3401490
3401494
3401498
3401502
3401506
3401510
3401514
3401518
3401522
3401526
3401530
3401534
3401538
3401542
3401546
3401550
3401554
3401558
3401562
3401566
3401570
3401574
3401578
3401582
3401586
3401590
3401594
3401598
3401602
3401606
3401610
3401614
3401618
3401622
3401626
3401630
3401634
3401638
3401642
3401646
3401650
3401654
3401658
3401662
3401666
3401670
3401674
3401678
3401682
3401686
3401690
3401694
3401698
3401702
3401706
3401710
3401714
3401718
3401722
3401726
3401730
3401734
3401738
3401742
3401746
3401750
3401754
3401758
3401762
3401766
3401770
3401774
3401778
3401782
3401786
3401790
3401794
3401798
3401802
3401806
3401810
3401814
3401818
3401822
3401826
3401830
3401834
3401838
3401842
3401846
3401850
3401854
3401858
3401862
3401866
3401870
3401874
3401878
3401882
3401886
3401890
3401894
3401898
3401902
3401906
3401910
3401914
3401918
3401922
3401926
3401930
3401934
3401938
3401942
3401946
3401950
3401954
3401958
3401962
3401966
3401970
3401974
3401978
3401982
3401986
3401990
3401994
3401998
3402002
3402006
3402010
3402014
3402018
3402022
3402026
3402030
3402034
3402038
3402042
3402046
3402050
3402054
3402058
3402062
3402066
3402070
3402074
3402078
3402082
3402086
3402090
3402094
3402098
3402102
3402106
3402110
3402114
3402118
3402122
3402126
3402130
3402134
3402138
3402142
3402146
3402150
3402154
3402158
3402162
3402166
3402170
3402174
3402178
3402182
3402186
3402190
3402194
3402198
3402202
3402206
3402210
3402214
3402218
3402222
3402226
3402230
3402234
3402238
3402242
3402246
3402250
3402254
3402258
3402262
3402266
3402270
3402274
3402278
3402282
3402286
3402290
3402294
3402298
3402302
3402306
3402310
3402314
3402318
3402322
3402326
3402330
3402334
3402338
3402342
3402346
3402350
3402354
3402358
3402362
3402366
3402370
3402374
3402378
3402382
3402386
3402390
3402394
3402398
3402402
3402406
3402410
3402414
3402418
3402422
3402426
3402430
3402434
3402438
3402442
3402446
3402450
3402454
3402458
3402462
3402466
3402470
3402474
3402478
3402482
3402486
3402490
3402494
3402498
3402502
3402506
3402510
3402514
3402518
3402522
3402526
3402530
3402534
3402538
3402542
3402546
3402550
3402554
3402558
3402562
3402566
3402570
3402574
3402578
3402582
3402586
3402590
3402594
3402598
