0.0
0.0
0.0
0.0
0.0
0.0
0.0
0.0
0.0
0.0
0.0
0.0
0.0
0.0
0.0
0.0
0.0
0.0
0.0
0.0
0.0
0.0
0.0
0.0
0.0
0.0
0.0
0.0
0.0
0.0
0.0
0.0
0.0
0.0
0.0
0.0
0.0
0.0
0.0
0.0
0.0
0.0
0.0
0.0
0.0
0.0
0.0
0.0
0.0
0.0
0.0
0.0
0.0
0.0
0.0
0.0
0.0
0.0
0.0
0.0
0.0
0.0
0.0
0.0
0.0
0.0
0.0
0.0
0.0
0.0
0.0
0.0
0.0
0.0
0.0
0.0
0.0
0.0
0.0
0.0
0.0
0.0
0.0
0.0
0.0
0.0
0.0
0.0
0.0
0.0
0.0
0.0
0.0
0.0
0.0
0.0
0.0
0.0
0.0
0.0
0.0
0.0
0.0
0.0
0.0
0.0
0.0
0.0
0.0
0.0
0.0
0.0
0.0
0.0
0.0
0.0
0.0
0.0
0.0
0.0
0.0
0.0
0.0
0.0
0.0
0.0
0.0
0.0
0.0
0.0
0.0
0.0
0.0
0.0
0.0
0.0
0.0
0.0
0.0
0.0
0.0
0.0
0.0
0.0
0.0
0.0
0.0
0.0
0.0
0.0
0.0
0.0
0.0
0.0
0.0
0.0
0.0
0.0
0.0
0.0
0.0
0.0
0.0
0.0
0.0
0.0
0.0
0.0
0.0
0.0
0.0
0.0
0.0
0.0
0.0
0.0
0.0
0.0
0.0
0.0
0.0
0.0
0.0
0.0
0.0
0.0
0.0
0.0
0.0
0.0
0.0
0.0
0.0
0.0
0.0
0.0
0.0
0.0
0.0
0.0
0.0
0.0
0.0
0.0
0.0
0.0
0.0
0.0
0.0
0.0
0.0
0.0
0.0
0.0
0.0
0.0
0.0
0.0
0.0
0.0
0.0
0.0
0.0
0.0
0.0
0.0
0.0
0.0
0.0
0.0
0.0
0.0
0.0
0.0
0.0
0.0
0.0
0.0
0.0
0.0
0.0
0.0
0.0
0.0
0.0
0.0
0.0
0.0
0.0
0.0
0.0
0.0
0.0
0.0
0.0
0.0
0.0
0.0
0.0
0.0
0.0
0.0
0.0
0.0
0.0
0.0
0.0
0.0
0.0
0.0
0.0
0.0
0.0
0.0
0.0
0.0
0.0
0.0
0.0
0.0
0.0
0.0
0.0
0.0
0.0
0.0
0.0
0.0
0.0
0.0
0.0
0.0
0.0
0.0
0.0
0.0
0.0
0.0
0.0
0.0
0.0
0.0
0.0
0.0
0.0
0.0
0.0
0.0
0.0
0.0
0.0
0.0
0.0
0.0
0.0
0.0
0.0
0.0
0.0
0.0
0.0
0.0
0.0
0.0
0.0
0.0
0.0
0.0
0.0
0.0
0.0
0.0
0.0
0.0
0.0
0.0
0.0
0.0
0.0
0.0
0.0
0.0
0.0
0.0
0.0
0.0
0.0
0.0
0.0
0.0
0.0
0.0
0.0
0.0
0.0
0.0
0.0
0.0
0.0
0.0
0.0
0.0
0.0
0.0
0.0
0.0
0.0
0.0
0.0
0.0
0.0
0.0
0.0
0.0
0.0
0.0
0.0
0.0
0.0
0.0
0.0
0.0
0.0
0.0
0.0
0.0
0.0
0.0
0.0
0.0
0.0
0.0
0.0
0.0
0.0
0.0
0.0
0.0
0.0
0.0
0.0
0.0
0.0
0.0
0.0
0.0
0.0
0.0
0.0
0.0
0.0
0.0
0.0
0.0
0.0
0.0
0.0
0.0
0.0
0.0
0.0
0.0
0.0
0.0
0.0
0.0
0.0
0.0
0.0
0.0
0.0
0.0
0.0
0.0
0.0
0.0
0.0
0.0
0.0
0.0
0.0
0.0
0.0
0.0
0.0
0.0
0.0
0.0
0.0
0.0
0.0
0.0
0.0
0.0
0.0
0.0
0.0
0.1
0.2
0.3
0.4
0.5
0.6
0.7
0.8
0.9
1.0
1.2
1.3
1.5
1.6
1.7
1.9
2.0
2.2
2.3
2.5
2.6
2.8
2.9
3.0
3.2
3.3
3.5
3.6
3.7
3.9
4.0
4.2
4.3
4.5
4.6
4.7
4.9
5.0
5.2
5.3
5.4
5.6
5.7
5.9
6.0
6.1
6.3
6.4
6.6
6.7
6.8
7.0
7.1
7.2
7.4
7.5
7.6
7.8
7.9
8.0
8.2
8.3
8.4
8.6
8.7
8.8
9.0
9.1
9.2
9.4
9.5
9.6
9.7
9.9
10.0
10.1
10.2
10.4
10.5
10.6
10.7
10.9
11.0
11.1
11.2
11.3
11.5
11.6
11.7
11.8
11.9
12.0
12.2
12.3
12.4
12.5
12.6
12.7
12.8
12.9
13.1
13.2
13.3
13.4
13.5
13.6
13.7
13.8
13.9
14.0
14.1
14.2
14.3
14.4
14.5
14.6
14.7
14.8
14.9
15.0
15.1
15.2
15.3
15.4
15.5
15.6
15.7
15.8
15.8
15.9
16.0
16.1
16.2
16.3
16.4
16.4
16.5
16.6
16.7
16.8
16.8
16.9
17.0
17.1
17.2
17.2
17.3
17.4
17.4
17.5
17.6
17.6
17.7
17.8
17.8
17.9
18.0
18.0
18.1
18.2
18.2
18.3
18.3
18.4
18.4
18.5
18.6
18.6
18.7
18.7
18.8
18.8
18.9
18.9
19.0
19.0
19.0
19.1
19.1
19.2
19.2
19.2
19.3
19.3
19.4
19.4
19.4
19.5
19.5
19.5
19.5
19.6
19.6
19.6
19.6
19.7
19.7
19.7
19.7
19.8
19.8
19.8
19.8
19.8
19.8
19.8
19.9
19.9
19.9
19.9
19.9
19.9
19.9
19.9
19.9
19.9
19.9
19.9
19.9
19.9
19.9
19.9
19.9
19.9
19.9
19.9
19.9
19.9
19.9
19.9
19.9
19.9
19.8
19.8
19.8
19.8
19.8
19.7
19.7
19.7
19.7
19.6
19.6
19.6
19.6
19.5
19.5
19.5
19.4
19.4
19.4
19.3
19.3
19.3
19.2
19.2
19.1
19.1
19.1
19.0
19.0
18.9
18.9
18.8
18.8
18.7
18.7
18.6
18.6
18.5
18.5
18.4
18.3
18.3
18.2
18.2
18.1
18.0
18.0
17.9
17.9
17.8
17.7
17.7
17.6
17.5
17.5
17.4
17.3
17.2
17.2
17.1
17.0
16.9
16.9
16.8
16.7
16.6
16.5
16.5
16.4
16.3
16.2
16.1
16.0
16.0
15.9
15.8
15.7
15.6
15.5
15.4
15.3
15.2
15.1
15.0
14.9
14.8
14.8
14.7
14.6
14.5
14.4
14.3
14.1
14.0
13.9
13.8
13.7
13.6
13.5
13.4
13.3
13.2
13.1
13.0
12.9
12.8
12.7
12.5
12.4
12.3
12.2
12.1
12.0
11.8
11.7
11.6
11.5
11.4
11.3
11.1
11.0
10.9
10.8
10.7
10.5
10.4
10.3
10.2
10.0
9.9
9.8
9.7
9.5
9.4
9.3
9.1
9.0
8.9
8.8
8.6
8.5
8.4
8.2
8.1
8.0
7.8
7.7
7.6
7.4
7.3
7.2
7.0
6.9
6.7
6.6
6.5
6.3
6.2
6.1
5.9
5.8
5.6
5.5
5.4
5.2
5.1
4.9
4.8
4.7
4.5
4.4
4.2
4.1
3.9
3.8
3.7
3.5
3.4
3.2
3.1
2.9
2.8
2.7
2.5
2.4
2.2
2.1
1.9
1.8
1.6
1.5
1.4
1.2
1.1
0.9
0.8
0.6
0.5
0.3
0.2
0.0
-0.1
-0.2
-0.4
-0.5
-0.7
-0.8
-1.0
-1.1
-1.3
-1.4
-1.5
-1.7
-1.8
-2.0
-2.1
-2.3
-2.4
-2.6
-2.7
-2.9
-3.0
-3.1
-3.3
-3.4
-3.6
-3.7
-3.9
-4.0
-4.1
-4.3
-4.4
-4.6
-4.7
-4.8
-5.0
-5.1
-5.3
-5.4
-5.5
-5.7
-5.8
-6.0
-6.1
-6.2
-6.4
-6.5
-6.7
-6.8
-6.9
-7.1
-7.2
-7.3
-7.5
-7.6
-7.7
-7.9
-8.0
-8.1
-8.3
-8.4
-8.5
-8.7
-8.8
-8.9
-9.0
-9.2
-9.3
-9.4
-9.6
-9.7
-9.8
-9.9
-10.1
-10.2
-10.3
-10.4
-10.6
-10.7
-10.8
-10.9
-11.0
-11.2
-11.3
-11.4
-11.5
-11.6
-11.8
-11.9
-12.0
-12.1
-12.2
-12.3
-12.4
-12.6
-12.7
-12.8
-12.9
-13.0
-13.1
-13.2
-13.3
-13.4
-13.5
-13.6
-13.7
-13.8
-13.9
-14.0
-14.2
-14.3
-14.4
-14.5
-14.5
-14.6
-14.7
-14.8
-14.9
-15.0
-15.1
-15.2
-15.3
-15.4
-15.5
-15.6
-15.7
-15.8
-15.8
-15.9
-16.0
-16.1
-16.2
-16.3
-16.3
-16.4
-16.5
-16.6
-16.7
-16.7
-16.8
-16.9
-17.0
-17.0
-17.1
-17.2
-17.2
-17.3
-17.4
-17.4
-17.5
-17.6
-17.6
-17.7
-17.8
-17.8
-17.9
-18.0
-18.0
-18.1
-18.1
-18.2
-18.2
-18.3
-18.3
-18.4
-18.5
-18.5
-18.6
-18.6
-18.6
-18.7
-18.7
-18.8
-18.8
-18.9
-18.9
-18.9
-19.0
-19.0
-19.1
-19.1
-19.1
-19.2
-19.2
-19.2
-19.2
-19.3
-19.3
-19.3
-19.4
-19.4
-19.4
-19.4
-19.4
-19.5
-19.5
-19.5
-19.5
-19.5
-19.6
-19.6
-19.6
-19.6
-19.6
-19.6
-19.6
-19.6
-19.6
-19.6
-19.7
-19.7
-19.7
-19.7
-19.7
-19.7
-19.7
-19.7
-19.7
-19.7
-19.7
-19.7
-19.6
-19.6
-19.6
-19.6
-19.6
-19.6
-19.6
-19.6
-19.5
-19.5
-19.5
-19.5
-19.5
-19.4
-19.4
-19.4
-19.4
-19.3
-19.3
-19.3
-19.2
-19.2
-19.2
-19.2
-19.1
-19.1
-19.0
-19.0
-19.0
-18.9
-18.9
-18.8
-18.8
-18.8
-18.7
-18.7
-18.6
-18.6
-18.5
-18.5
-18.4
-18.4
-18.3
-18.3
-18.2
-18.2
-18.1
-18.1
-18.0
-17.9
-17.9
-17.8
-17.8
-17.7
-17.6
-17.6
-17.5
-17.4
-17.4
-17.3
-17.2
-17.2
-17.1
-17.0
-16.9
-16.9
-16.8
-16.7
-16.6
-16.6
-16.5
-16.4
-16.3
-16.2
-16.2
-16.1
-16.0
-15.9
-15.8
-15.7
-15.6
-15.6
-15.5
-15.4
-15.3
-15.2
-15.1
-15.0
-14.9
-14.8
-14.7
-14.6
-14.5
-14.4
-14.3
-14.2
-14.1
-14.0
-13.9
-13.8
-13.7
-13.6
-13.5
-13.4
-13.3
-13.2
-13.1
-13.0
-12.9
-12.8
-12.6
-12.5
-12.4
-12.3
-12.2
-12.1
-12.0
-11.8
-11.7
-11.6
-11.5
-11.4
-11.3
-11.1
-11.0
-10.9
-10.8
-10.7
-10.5
-10.4
-10.3
-10.2
-10.0
-9.9
-9.8
-9.7
-9.5
-9.4
-9.3
-9.2
-9.0
-8.9
-8.8
-8.6
-8.5
-8.4
-8.2
-8.1
-8.0
-7.8
-7.7
-7.6
-7.4
-7.3
-7.2
-7.0
-6.9
-6.8
-6.6
-6.5
-6.4
-6.2
-6.1
-5.9
-5.8
-5.7
-5.5
-5.4
-5.2
-5.1
-5.0
-4.8
-4.7
-4.5
-4.4
-4.3
-4.1
-4.0
-3.8
-3.7
-3.5
-3.4
-3.3
-3.1
-3.0
-2.8
-2.7
-2.5
-2.4
-2.3
-2.1
-2.0
-1.8
-1.7
-1.5
-1.4
-1.2
-1.1
-0.9
-0.8
-0.7
-0.5
-0.4
-0.2
-0.1
0.1
0.2
0.4
0.5
0.6
0.8
0.9
1.1
1.2
1.4
1.5
1.7
1.8
2.0
2.1
2.2
2.4
2.5
2.7
2.8
3.0
3.1
3.3
3.4
3.5
3.7
3.8
4.0
4.1
4.3
4.4
4.5
4.7
4.8
5.0
5.1
5.2
5.4
5.5
5.7
5.8
5.9
6.1
6.2
6.4
6.5
6.6
6.8
6.9
7.0
7.2
7.3
7.5
7.6
7.7
7.9
8.0
8.1
8.3
8.4
8.5
8.7
8.8
8.9
9.0
9.2
9.3
9.4
9.6
9.7
9.8
9.9
10.1
10.2
10.3
10.4
10.6
10.7
10.8
10.9
11.1
11.2
11.3
11.4
11.5
11.7
11.8
11.9
12.0
12.1
12.2
12.4
12.5
12.6
12.7
12.8
12.9
13.0
13.1
13.2
13.4
13.5
13.6
13.7
13.8
13.9
14.0
14.1
14.2
14.3
14.4
14.5
14.6
14.7
14.8
14.9
15.0
15.1
15.2
15.3
15.4
15.5
15.6
15.6
15.7
15.8
15.9
16.0
16.1
16.2
16.3
16.3
16.4
16.5
16.6
16.7
16.7
16.8
16.9
17.0
17.0
17.1
17.2
17.3
17.3
17.4
17.5
17.6
17.6
17.7
17.8
17.8
17.9
17.9
18.0
18.1
18.1
18.2
18.2
18.3
18.4
18.4
18.5
18.5
18.6
18.6
18.7
18.7
18.8
18.8
18.9
18.9
19.0
19.0
19.0
19.1
19.1
19.2
19.2
19.2
19.3
19.3
19.3
19.4
19.4
19.5
19.5
19.5
19.5
19.6
19.6
19.6
19.6
19.7
19.7
19.7
19.7
19.7
19.8
19.8
19.8
19.8
19.8
19.8
19.8
19.9
19.9
19.9
19.9
19.9
19.9
19.9
19.9
19.9
19.9
19.9
19.9
19.9
19.9
19.9
19.9
19.9
19.9
19.9
19.9
19.9
19.9
19.9
19.9
19.8
19.8
19.8
19.8
19.8
19.8
19.7
19.7
19.7
19.7
19.6
19.6
19.6
19.6
19.5
19.5
19.5
19.4
19.4
19.4
19.3
19.3
19.3
19.2
19.2
19.1
19.1
19.1
19.0
19.0
18.9
18.9
18.8
18.8
18.7
18.7
18.6
18.6
18.5
18.5
18.4
18.4
18.3
18.2
18.2
18.1
18.1
18.0
17.9
17.9
17.8
17.7
17.7
17.6
17.5
17.5
17.4
17.3
17.3
17.2
17.1
17.0
17.0
16.9
16.8
16.7
16.7
16.6
16.5
16.4
16.3
16.2
16.2
16.1
16.0
15.9
15.8
15.7
15.6
15.5
15.4
15.4
15.3
15.2
15.1
15.0
14.9
14.8
14.7
14.6
14.5
14.4
14.3
14.2
14.1
14.0
13.9
13.8
13.7
13.6
13.4
13.3
13.2
13.1
13.0
12.9
12.8
12.7
12.6
12.4
12.3
12.2
12.1
12.0
11.9
11.8
11.6
11.5
11.4
11.3
11.2
11.0
10.9
10.8
10.7
10.5
10.4
10.3
10.2
10.0
9.9
9.8
9.7
9.5
9.4
9.3
9.2
9.0
8.9
8.8
8.6
8.5
8.4
8.2
8.1
8.0
7.8
7.7
7.6
7.4
7.3
7.2
7.0
6.9
6.7
6.6
6.5
6.3
6.2
6.1
5.9
5.8
5.6
5.5
5.4
5.2
5.1
4.9
4.8
4.7
4.5
4.4
4.2
4.1
3.9
3.8
3.7
3.5
3.4
3.2
3.1
2.9
2.8
2.7
2.5
2.4
2.2
2.1
1.9
1.8
1.6
1.5
1.4
1.2
1.1
0.9
0.8
0.6
0.5
0.3
0.2
0.0
-0.1
-0.2
-0.4
-0.5
-0.7
-0.8
-1.0
-1.1
-1.3
-1.4
-1.6
-1.7
-1.8
-2.0
-2.1
-2.3
-2.4
-2.6
-2.7
-2.9
-3.0
-3.1
-3.3
-3.4
-3.6
-3.7
-3.9
-4.0
-4.1
-4.3
-4.4
-4.6
-4.7
-4.8
-5.0
-5.1
-5.3
-5.4
-5.5
-5.7
-5.8
-6.0
-6.1
-6.2
-6.4
-6.5
-6.7
-6.8
-6.9
-7.1
-7.2
-7.3
-7.5
-7.6
-7.7
-7.9
-8.0
-8.1
-8.3
-8.4
-8.5
-8.7
-8.8
-8.9
-9.1
-9.2
-9.3
-9.4
-9.6
-9.7
-9.8
-10.0
-10.1
-10.2
-10.3
-10.5
-10.6
-10.7
-10.8
-11.0
-11.1
-11.2
-11.3
-11.4
-11.6
-11.7
-11.8
-11.9
-12.0
-12.1
-12.3
-12.4
-12.5
-12.6
-12.7
-12.8
-12.9
-13.0
-13.2
-13.3
-13.4
-13.5
-13.6
-13.7
-13.8
-13.9
-14.0
-14.1
-14.2
-14.3
-14.4
-14.5
-14.6
-14.7
-14.8
-14.9
-15.0
-15.1
-15.2
-15.3
-15.4
-15.5
-15.6
-15.7
-15.8
-15.9
-15.9
-16.0
-16.1
-16.2
-16.3
-16.4
-16.5
-16.5
-16.6
-16.7
-16.8
-16.9
-16.9
-17.0
-17.1
-17.2
-17.2
-17.3
-17.4
-17.5
-17.5
-17.6
-17.7
-17.7
-17.8
-17.9
-17.9
-18.0
-18.1
-18.1
-18.2
-18.3
-18.3
-18.4
-18.4
-18.5
-18.5
-18.6
-18.7
-18.7
-18.8
-18.8
-18.9
-18.9
-18.9
-19.0
-19.0
-19.1
-19.1
-19.2
-19.2
-19.3
-19.3
-19.3
-19.4
-19.4
-19.4
-19.5
-19.5
-19.5
-19.6
-19.6
-19.6
-19.7
-19.7
-19.7
-19.7
-19.8
-19.8
-19.8
-19.8
-19.8
-19.9
-19.9
-19.9
-19.9
-19.9
-19.9
-19.9
-20.0
-20.0
-20.0
-20.0
-20.0
-20.0
-20.0
-20.0
-20.0
-20.0
-20.0
-20.0
-20.0
-20.0
-20.0
-20.0
-20.0
-20.0
-20.0
-20.0
-20.0
-20.0
-19.9
-19.9
-19.9
-19.9
-19.9
-19.9
-19.8
-19.8
-19.8
-19.8
-19.8
-19.7
-19.7
-19.7
-19.6
-19.6
-19.6
-19.6
-19.5
-19.5
-19.5
-19.4
-19.4
-19.3
-19.3
-19.3
-19.2
-19.2
-19.1
-19.1
-19.1
-19.0
-19.0
-18.9
-18.9
-18.8
-18.8
-18.7
-18.7
-18.6
-18.6
-18.5
-18.4
-18.4
-18.3
-18.3
-18.2
-18.1
-18.1
-18.0
-18.0
-17.9
-17.8
-17.8
-17.7
-17.6
-17.6
-17.5
-17.4
-17.3
-17.3
-17.2
-17.1
-17.0
-17.0
-16.9
-16.8
-16.7
-16.6
-16.6
-16.5
-16.4
-16.3
-16.2
-16.1
-16.1
-16.0
-15.9
-15.8
-15.7
-15.6
-15.5
-15.4
-15.3
-15.2
-15.1
-15.0
-14.9
-14.8
-14.7
-14.6
-14.6
-14.4
-14.3
-14.2
-14.1
-14.0
-13.9
-13.8
-13.7
-13.6
-13.5
-13.4
-13.3
-13.2
-13.1
-13.0
-12.8
-12.7
-12.6
-12.5
-12.4
-12.3
-12.2
-12.0
-11.9
-11.8
-11.7
-11.6
-11.5
-11.3
-11.2
-11.1
-11.0
-10.8
-10.7
-10.6
-10.5
-10.3
-10.2
-10.1
-10.0
-9.8
-9.7
-9.6
-9.5
-9.3
-9.2
-9.1
-8.9
-8.8
-8.7
-8.5
-8.4
-8.3
-8.1
-8.0
-7.9
-7.7
-7.6
-7.5
-7.3
-7.2
-7.1
-6.9
-6.8
-6.7
-6.5
-6.4
-6.2
-6.1
-6.0
-5.8
-5.7
-5.5
-5.4
-5.3
-5.1
-5.0
-4.8
-4.7
-4.6
-4.4
-4.3
-4.1
-4.0
-3.8
-3.7
-3.6
-3.4
-3.3
-3.1
-3.0
-2.8
-2.7
-2.6
-2.4
-2.3
-2.1
-2.0
-1.8
-1.7
-1.5
-1.4
-1.2
-1.1
-1.0
-0.8
-0.7
-0.5
-0.4
-0.2
-0.1
0.1
0.2
0.3
0.5
0.6
0.8
0.9
1.1
1.2
1.4
1.5
1.7
1.8
1.9
2.1
2.2
2.4
2.5
2.7
2.8
3.0
3.1
3.2
3.4
3.5
3.7
3.8
4.0
4.1
4.2
4.4
4.5
4.7
4.8
4.9
5.1
5.2
5.4
5.5
5.6
5.8
5.9
6.1
6.2
6.3
6.5
6.6
6.7
6.9
7.0
7.1
7.3
7.4
7.6
7.7
7.8
8.0
8.1
8.2
8.3
8.5
8.6
8.7
8.9
9.0
9.1
9.3
9.4
9.5
9.6
9.8
9.9
10.0
10.1
10.3
10.4
10.5
10.6
10.7
10.9
11.0
11.1
11.2
11.3
11.5
11.6
11.7
11.8
11.9
12.0
12.2
12.3
12.4
12.5
12.6
12.7
12.8
12.9
13.0
13.1
13.3
13.4
13.5
13.6
13.7
13.8
13.9
14.0
14.1
14.2
14.3
14.4
14.5
14.6
14.7
14.8
14.9
15.0
15.0
15.1
15.2
15.3
15.4
15.5
15.6
15.7
15.8
15.8
15.9
16.0
16.1
16.2
16.3
16.3
16.4
16.5
16.6
16.6
16.7
16.8
16.9
16.9
17.0
17.1
17.1
17.2
17.3
17.4
17.4
17.5
17.5
17.6
17.7
17.7
17.8
17.9
17.9
18.0
18.0
18.1
18.1
18.2
18.2
18.3
18.3
18.4
18.4
18.5
18.5
18.6
18.6
18.7
18.7
18.7
18.8
18.8
18.9
18.9
18.9
19.0
19.0
19.0
19.1
19.1
19.1
19.2
19.2
19.2
19.2
19.3
19.3
19.3
19.3
19.4
19.4
19.4
19.4
19.4
19.4
19.5
19.5
19.5
19.5
19.5
19.5
19.5
19.5
19.5
19.5
19.5
19.5
19.5
19.5
19.5
19.5
19.5
19.5
19.5
19.5
19.5
19.5
19.5
19.5
19.5
19.5
19.5
19.5
19.4
19.4
19.4
19.4
19.4
19.4
19.3
19.3
19.3
19.2
19.2
19.2
19.2
19.1
19.1
19.1
19.1
19.1
19.1
19.0
19.0
19.0
19.0
19.0
19.0
19.0
19.0
19.0
19.0
19.0
19.0
19.0
19.0
19.0
19.0
19.0
19.0
19.0
19.0
19.0
19.0
19.0
19.0
19.0
19.0
19.0
19.0
19.0
19.0
19.0
19.0
19.0
19.0
19.0
19.0
19.0
19.0
19.0
19.0
19.0
19.0
19.0
19.0
19.0
19.0
19.0
19.0
19.0
19.0
19.0
19.0
19.0
19.0
19.0
19.0
19.0
19.0
19.0
19.0
19.0
19.0
19.0
19.0
19.0
19.0
19.0
19.0
19.0
19.0
19.0
19.0
19.0
19.0
19.0
19.0
19.0
19.0
19.0
19.0
19.0
19.0
19.0
19.0
19.0
19.0
19.0
19.0
19.0
19.0
19.0
19.0
19.0
19.0
19.0
19.0
19.0
19.0
19.0
19.0
19.0
19.0
19.0
19.0
19.0
19.0
19.0
19.0
19.0
19.0
19.0
19.0
19.0
19.0
19.0
19.0
19.0
19.0
19.0
19.0
19.0
19.0
19.0
19.0
19.0
19.0
19.0
19.0
19.0
19.0
19.0
19.0
19.0
19.0
19.0
19.0
19.0
19.0
19.0
19.0
19.0
19.0
19.0
19.0
19.0
19.0
19.0
19.0
19.0
19.0
19.0
19.0
19.0
19.0
19.0
19.0
19.0
19.0
19.0
19.0
19.0
19.0
19.0
19.0
19.0
19.0
19.0
19.0
19.0
19.0
19.0
19.0
19.0
19.0
19.0
19.0
19.0
19.0
19.0
19.0
19.0
19.0
19.0
19.0
19.0
19.0
19.0
19.0
19.0
19.0
19.0
19.0
19.0
19.0
19.0
19.0
19.0
19.0
19.0
19.0
19.0
19.0
19.0
19.0
19.0
19.0
19.0
19.0
19.0
19.0
19.0
19.0
19.0
19.0
19.0
19.0
19.0
19.0
19.0
19.0
19.0
19.0
19.0
19.0
19.0
19.0
19.0
19.0
19.0
19.0
19.0
19.0
19.0
19.0
19.0
19.0
19.0
19.0
19.0
19.0
19.0
19.0
19.0
19.0
19.0
19.0
19.0
19.0
19.0
19.0
19.0
19.0
19.0
19.0
19.0
19.0
19.0
19.0
19.0
19.0
19.0
19.0
19.0
19.0
19.0
19.0
19.0
19.0
19.0
19.0
19.0
19.0
19.0
19.0
19.0
19.0
19.0
19.0
19.0
19.0
19.0
19.0
19.0
19.0
19.0
19.0
19.0
19.0
19.0
19.0
19.0
19.0
19.0
19.0
19.0
19.0
19.0
19.0
19.0
19.0
19.0
19.0
19.0
19.0
19.0
19.0
19.0
19.0
19.0
19.0
19.0
19.0
19.0
19.0
19.0
19.0
19.0
19.0
19.0
19.0
19.0
19.0
19.0
19.0
19.0
19.0
19.0
19.0
19.0
19.0
19.0
19.0
19.0
19.0
19.0
19.0
19.0
19.0
19.0
19.0
19.0
19.0
19.0
19.0
19.0
19.0
19.0
19.0
19.0
19.0
19.0
19.0
19.0
19.0
19.0
19.0
19.0
19.0
19.0
19.0
19.0
19.0
19.0
19.0
19.0
19.0
19.0
19.0
19.0
19.0
19.0
19.0
19.0
19.0
19.0
19.0
19.0
19.0
19.0
19.0
19.0
19.0
19.0
19.0
19.0
19.0
19.0
19.0
19.0
19.0
19.0
19.0
19.0
19.0
19.0
19.0
19.0
19.0
19.0
19.0
19.0
19.0
19.0
19.0
19.0
19.0
19.0
19.0
19.0
19.0
19.0
19.0
19.0
19.0
19.0
19.0
19.0
19.0
19.0
19.0
19.0
19.0
19.0
19.0
19.0
19.0
19.0
19.0
19.0
19.0
19.0
19.0
19.0
19.0
19.0
19.0
19.0
19.0
19.0
19.0
19.0
